# QM Induction Energies (E_orb) from SAPT
# Format: REPLICA FRAME E_QM_induction
# Generated: Mon Feb 23 19:01:21 PST 2026
#
1 1 -126.63
1 2 -123.99
1 3 -127.32
1 4 -125.71
1 5 -128.21
1 6 -125.96
1 7 -125.38
1 8 -125.32
1 9 -123.66
1 10 -126.56
1 11 -125.37
1 12 -125.95
1 13 -125.45
1 14 -124.75
1 15 -124.24
1 16 -124.91
1 17 -124.28
1 18 -125.79
1 19 -123.77
1 20 -124.58
1 21 -121.35
1 22 -124.86
1 23 -124.12
1 24 -124.55
1 25 -122.25
1 26 -125.89
1 27 -126.41
1 28 -124.38
1 29 -127.80
1 30 -121.21
1 31 -125.20
1 32 -124.15
1 33 -126.09
1 34 -127.17
1 35 -125.56
1 36 -125.07
1 37 -123.85
1 38 -126.65
1 39 -124.20
1 40 -128.57
1 41 -123.84
1 42 -125.83
1 43 -124.42
1 44 -121.66
1 45 -128.08
1 46 -126.78
1 47 -124.28
1 48 -124.90
1 49 -126.15
1 50 -122.99
1 51 -127.15
1 52 -126.18
1 53 -123.57
1 54 -125.12
1 55 -125.90
1 56 -122.48
1 57 -124.15
1 58 -124.07
1 59 -125.68
1 60 -125.47
1 61 -123.66
1 62 -126.13
1 63 -128.42
1 64 -123.04
1 65 -128.02
1 66 -123.59
1 67 -123.26
1 68 -127.86
1 69 -123.52
1 70 -125.73
1 71 -121.78
1 72 -127.29
1 73 -125.66
1 74 -123.89
1 75 -125.05
1 76 -127.24
1 77 -126.41
1 78 -125.78
1 79 -126.06
1 80 -127.77
1 81 -123.74
1 82 -126.04
1 83 -127.28
1 84 -124.82
1 85 -124.00
1 86 -125.55
1 87 -126.39
1 88 -125.79
1 89 -126.79
1 90 -127.51
1 91 -122.89
1 92 -125.29
1 93 -126.41
1 94 -126.76
1 95 -125.17
1 96 -124.79
1 97 -126.32
1 98 -124.96
1 99 -123.33
1 100 -126.14
2 1 -123.29
2 2 -121.84
2 3 -124.97
2 4 -125.86
2 5 -127.41
2 6 -128.32
2 7 -126.92
2 8 -124.17
2 9 -123.37
2 10 -126.18
2 11 -127.44
2 12 -122.78
2 13 -125.04
2 14 -127.52
2 15 -121.20
2 16 -126.23
2 17 -126.05
2 18 -123.91
2 19 -123.60
2 20 -125.44
2 21 -126.82
2 22 -123.97
2 23 -127.34
2 24 -124.24
2 25 -125.74
2 26 -126.24
2 27 -125.39
2 28 -122.99
2 29 -125.62
2 30 -126.96
2 31 -123.87
2 32 -127.85
2 33 -127.84
2 34 -126.63
2 35 -126.73
2 36 -126.04
2 37 -124.47
2 38 -122.34
2 39 -124.48
2 40 -123.51
2 41 -127.21
2 42 -125.85
2 43 -125.18
2 44 -125.23
2 45 -126.39
2 46 -125.86
2 47 -125.70
2 48 -125.07
2 49 -126.96
2 50 -123.74
2 51 -126.11
2 52 -125.94
2 53 -125.51
2 54 -125.53
2 55 -125.02
2 56 -126.81
2 57 -124.66
2 58 -125.86
2 59 -123.89
2 60 -125.23
2 61 -127.83
2 62 -125.08
2 63 -122.65
2 64 -125.04
2 65 -126.36
2 66 -123.83
2 67 -126.57
2 68 -122.78
2 69 -125.99
2 70 -125.30
2 71 -121.72
2 72 -124.04
2 73 -126.81
2 74 -123.96
2 75 -124.80
2 76 -127.20
2 77 -125.06
2 78 -127.07
2 79 -127.94
2 80 -124.84
2 81 -125.01
2 82 -125.82
2 83 -126.68
2 84 -128.78
2 85 -125.64
2 86 -125.54
2 87 -124.53
2 88 -125.66
2 89 -122.28
2 90 -124.67
2 91 -125.56
2 92 -122.58
2 93 -126.74
2 94 -125.87
2 95 -124.88
2 96 -126.65
2 97 -127.36
2 98 -123.31
2 99 -124.94
2 100 -128.22
3 1 -125.17
3 2 -127.90
3 3 -125.03
3 4 -123.74
3 5 -124.04
3 6 -123.84
3 7 -122.71
3 8 -127.04
3 9 -126.31
3 10 -123.88
3 11 -128.32
3 12 -125.48
3 13 -125.56
3 14 -123.88
3 15 -126.31
3 16 -122.98
3 17 -125.76
3 18 -122.02
3 19 -123.48
3 20 -125.70
3 21 -125.04
3 22 -126.20
3 23 -125.47
3 24 -126.40
3 25 -125.43
3 26 -125.00
3 27 -123.69
3 28 -124.97
3 29 -124.03
3 30 -126.24
3 31 -127.42
3 32 -123.63
3 33 -123.82
3 34 -125.05
3 35 -126.89
3 36 -125.26
3 37 -125.98
3 38 -129.28
3 39 -124.89
3 40 -128.52
3 41 -123.94
3 42 -124.44
3 43 -123.18
3 44 -125.58
3 45 -125.39
3 46 -125.89
3 47 -129.49
3 48 -125.44
3 49 -124.33
3 50 -123.80
3 51 -126.66
3 52 -126.37
3 53 -126.06
3 54 -123.89
3 55 -125.98
3 56 -123.15
3 57 -126.91
3 58 -122.74
3 59 -126.25
3 60 -126.10
3 61 -125.93
3 62 -122.51
3 63 -123.83
3 64 -123.26
3 65 -124.16
3 66 -125.58
3 67 -129.40
3 68 -126.93
3 69 -123.65
3 70 -123.41
3 71 -124.44
3 72 -125.51
3 73 -123.60
3 74 -125.42
3 75 -124.21
3 76 -124.14
3 77 -125.45
3 78 -127.28
3 79 -128.14
3 80 -125.30
3 81 -123.95
3 82 -126.41
3 83 -126.08
3 84 -126.51
3 85 -125.44
3 86 -127.09
3 87 -126.01
3 88 -124.91
3 89 -123.50
3 90 -124.66
3 91 -128.77
3 92 -126.43
3 93 -125.27
3 94 -121.71
3 95 -127.33
3 96 -123.90
3 97 -126.18
3 98 -124.68
3 99 -123.14
3 100 -124.15
4 1 -125.93
4 2 -127.62
4 3 -126.69
4 4 -125.85
4 5 -125.20
4 6 -125.07
4 7 -127.48
4 8 -124.66
4 9 -127.21
4 10 -123.95
4 11 -125.61
4 12 -124.30
4 13 -127.42
4 14 -125.55
4 15 -126.37
4 16 -126.48
4 17 -126.49
4 18 -125.23
4 19 -126.92
4 20 -126.18
4 21 -127.81
4 22 -125.69
4 23 -125.00
4 24 -125.43
4 25 -125.32
4 26 -123.17
4 27 -128.58
4 28 -126.01
4 29 -124.20
4 30 -125.05
4 31 -127.83
4 32 -128.66
4 33 -123.64
4 34 -123.50
4 35 -129.70
4 36 -130.51
4 37 -125.96
4 38 -122.96
4 39 -128.47
4 40 -124.54
4 41 -124.47
4 42 -122.87
4 43 -124.02
4 44 -128.45
4 45 -126.06
4 46 -126.43
4 47 -125.36
4 48 -124.54
4 49 -125.24
4 50 -127.10
4 51 -125.90
4 52 -125.29
4 53 -127.29
4 54 -125.45
4 55 -126.60
4 56 -126.72
4 57 -123.69
4 58 -126.07
4 59 -126.92
4 60 -126.66
4 61 -125.65
4 62 -125.57
4 63 -126.49
4 64 -127.10
4 65 -123.93
4 66 -126.01
4 67 -124.94
4 68 -127.30
4 69 -126.51
4 70 -126.91
4 71 -125.94
4 72 -125.72
4 73 -121.78
4 74 -125.22
4 75 -126.77
4 76 -126.14
4 77 -125.91
4 78 -126.10
4 79 -124.59
4 80 -126.92
4 81 -124.42
4 82 -128.39
4 83 -123.90
4 84 -124.33
4 85 -127.19
4 86 -124.93
4 87 -126.06
4 88 -126.43
4 89 -124.25
4 90 -122.89
4 91 -124.28
4 92 -123.95
4 93 -124.43
4 94 -124.26
4 95 -124.81
4 96 -126.00
4 97 -124.49
4 98 -122.03
4 99 -127.62
4 100 -126.49
5 1 -122.99
5 2 -126.31
5 3 -125.93
5 4 -127.39
5 5 -126.20
5 6 -124.40
5 7 -124.35
5 8 -128.69
5 9 -125.80
5 10 -126.31
5 11 -126.71
5 12 -127.29
5 13 -124.96
5 14 -124.39
5 15 -123.47
5 16 -128.35
5 17 -125.16
5 18 -123.81
5 19 -123.86
5 20 -124.42
5 21 -125.38
5 22 -125.81
5 23 -125.74
5 24 -125.22
5 25 -126.26
5 26 -124.62
5 27 -124.04
5 28 -126.05
5 29 -126.31
5 30 -126.81
5 31 -128.05
5 32 -125.66
5 33 -124.59
5 34 -124.84
5 35 -126.45
5 36 -122.79
5 37 -126.01
5 38 -127.21
5 39 -124.42
5 40 -125.84
5 41 -125.96
5 42 -124.65
5 43 -124.85
5 44 -124.87
5 45 -125.30
5 46 -126.15
5 47 -126.81
5 48 -125.46
5 49 -126.54
5 50 -126.28
5 51 -128.20
5 52 -124.83
5 53 -122.79
5 54 -125.55
5 55 -125.90
5 56 -124.56
5 57 -126.84
5 58 -124.91
5 59 -125.14
5 60 -124.39
5 61 -124.64
5 62 -127.97
5 63 -126.79
5 64 -125.35
5 65 -126.83
5 66 -126.14
5 67 -124.98
5 68 -124.73
5 69 -129.15
5 70 -127.16
5 71 -125.49
5 72 -127.22
5 73 -121.73
5 74 -123.70
5 75 -124.09
5 76 -124.46
5 77 -128.77
5 78 -125.21
5 79 -125.44
5 80 -126.27
5 81 -122.43
5 82 -127.61
5 83 -124.02
5 84 -128.55
5 85 -126.60
5 86 -125.99
5 87 -126.44
5 88 -126.46
5 89 -125.21
5 90 -123.34
5 91 -127.00
5 92 -122.45
5 93 -125.54
5 94 -126.23
5 95 -126.54
5 96 -121.10
5 97 -125.00
5 98 -126.67
5 99 -124.05
5 100 -124.89
