# MM Induction Energies (CustomNonbondedForce from OpenMM)
# Format: REPLICA FRAME E_MM
# Generated: Tue Feb 24 19:22:15 PST 2026
#
1 1 -72.00857421408192
1 2 -68.57127669208592
1 3 -70.49032470236317
1 4 -70.2912383508044
1 5 -72.64286427835205
1 6 -69.84020692668498
1 7 -70.6630728668738
1 8 -70.5486173611526
1 9 -67.38618227081591
1 10 -71.67307778936498
1 11 -70.14625067920575
1 12 -71.25936183601219
1 13 -70.80430419221662
1 14 -67.88525845762877
1 15 -68.39386044679135
1 16 -69.83724561293768
1 17 -67.67977537662075
1 18 -69.9038241151186
1 19 -67.26128922821687
1 20 -67.96348528014086
1 21 -63.085282509915
1 22 -69.10027235917333
1 23 -68.67337637148214
1 24 -67.44793222693595
1 25 -66.96429717609121
1 26 -69.3088772192056
1 27 -69.27992053059273
1 28 -68.96634949780787
1 29 -72.83164438280502
1 30 -64.77350851317892
1 31 -70.49076962881288
1 32 -67.6424744936066
1 33 -70.91704563702497
1 34 -72.87968185162225
1 35 -70.57383958513832
1 36 -70.90428864750761
1 37 -67.61181833183332
1 38 -72.17601243670082
1 39 -68.87771431392282
1 40 -73.19465330864229
1 41 -67.83596644210085
1 42 -68.66037868404935
1 43 -69.37342802379601
1 44 -64.68838897763429
1 45 -73.72943301957606
1 46 -72.39896435126748
1 47 -68.6143835005751
1 48 -70.03648513589717
1 49 -71.84770048006543
1 50 -66.43036355479953
1 51 -72.40944565140266
1 52 -68.7518001286523
1 53 -67.53615165987617
1 54 -69.2372951179344
1 55 -71.60226154509739
1 56 -66.15712036366216
1 57 -68.24243957636233
1 58 -67.36012854494054
1 59 -70.96422972232388
1 60 -70.34923196066862
1 61 -68.23688164267895
1 62 -71.2410615005639
1 63 -75.37995697663345
1 64 -66.90271497912434
1 65 -75.15792409047114
1 66 -67.36510296852593
1 67 -66.09897358239722
1 68 -73.81968744398303
1 69 -68.14527785117038
1 70 -70.99833588755153
1 71 -65.73039942900036
1 72 -71.33888696849232
1 73 -71.37757368798921
1 74 -68.4624374710579
1 75 -69.82223481566682
1 76 -72.92988560167827
1 77 -72.19168697670814
1 78 -69.21221877147316
1 79 -70.43585403471558
1 80 -72.83195072560648
1 81 -68.18172535066623
1 82 -70.87742530137129
1 83 -72.93384617646839
1 84 -68.81918095721797
1 85 -68.64221693224934
1 86 -70.01132126292124
1 87 -72.36833736499909
1 88 -68.75717571543005
1 89 -72.80039741705754
1 90 -73.68453191753555
1 91 -66.92322535906877
1 92 -69.81168787064561
1 93 -72.96531195850262
1 94 -72.97941831512159
1 95 -71.21842130876179
1 96 -68.6112471337984
1 97 -70.49477396686035
1 98 -69.74032458566114
1 99 -67.259217767369
1 100 -71.11829826982253
2 1 -67.88104259717076
2 2 -65.54362514050923
2 3 -69.57670835418409
2 4 -70.91683411461445
2 5 -73.29237666230357
2 6 -72.82071815622012
2 7 -73.21485005190905
2 8 -66.89572744570089
2 9 -66.47834996648318
2 10 -71.2349711139161
2 11 -73.29486387409625
2 12 -66.29579153845005
2 13 -70.73118308306196
2 14 -74.42494788087804
2 15 -65.07274707918185
2 16 -70.50551784653965
2 17 -71.71942307889803
2 18 -68.38847756613737
2 19 -67.04449334518404
2 20 -70.54657507580963
2 21 -72.09925897718615
2 22 -68.28029479396959
2 23 -73.05499016668783
2 24 -68.51493149824853
2 25 -70.50874173983105
2 26 -72.36890628734464
2 27 -70.27434573346753
2 28 -66.3377459144957
2 29 -70.89385111062978
2 30 -72.39176529543349
2 31 -67.72704698843435
2 32 -72.91765377124909
2 33 -72.12405815635083
2 34 -72.33141576354863
2 35 -71.2981433759
2 36 -68.61067821145285
2 37 -67.6004763543036
2 38 -65.81983693927013
2 39 -69.59808670539928
2 40 -67.64263495888353
2 41 -72.25658059348112
2 42 -69.54158834016117
2 43 -69.76044109628943
2 44 -71.01491486821074
2 45 -71.78714671964627
2 46 -71.03035600417886
2 47 -70.1417868269561
2 48 -70.18049542808167
2 49 -72.5924198303806
2 50 -67.47049218609958
2 51 -70.33591334268193
2 52 -72.00910666704634
2 53 -69.46490781940875
2 54 -70.21791301311544
2 55 -69.78357727167483
2 56 -71.8648556769464
2 57 -70.01544959686454
2 58 -71.50510711378166
2 59 -68.07243390931225
2 60 -69.06647983062335
2 61 -74.63877515628734
2 62 -68.74795625588177
2 63 -68.15619678387905
2 64 -70.8578631253361
2 65 -71.74408367441443
2 66 -67.6157351433661
2 67 -71.7809469248551
2 68 -66.95447232481627
2 69 -70.9949296473545
2 70 -70.66718661306464
2 71 -63.393368547778735
2 72 -68.00805086387503
2 73 -72.53050940898362
2 74 -69.51187308842091
2 75 -69.1822992911986
2 76 -73.66615864332502
2 77 -68.27002501624492
2 78 -72.65348416213551
2 79 -75.0081953993263
2 80 -70.43740033647526
2 81 -68.35529772319028
2 82 -70.28396635620817
2 83 -72.63799196903382
2 84 -71.03806563134859
2 85 -70.234244001983
2 86 -69.76134553694132
2 87 -67.49414622669694
2 88 -70.53796100798802
2 89 -65.322730099038
2 90 -68.46316685868038
2 91 -70.19735886991366
2 92 -65.33443677037897
2 93 -71.87184321036986
2 94 -70.92711118621534
2 95 -69.49323723466628
2 96 -70.95145085117785
2 97 -73.0516131019957
2 98 -66.92647842786508
2 99 -69.53593558608688
2 100 -72.67545331732492
3 1 -70.34139833760307
3 2 -72.6047756567056
3 3 -70.68766052362795
3 4 -68.28513063390669
3 5 -67.62183282389012
3 6 -68.28519627879272
3 7 -66.68071856234315
3 8 -73.32177827736615
3 9 -71.28753078599277
3 10 -67.70111725845483
3 11 -75.20850712209085
3 12 -70.87530278338984
3 13 -70.65968850830545
3 14 -68.66227509186783
3 15 -71.04019544320626
3 16 -66.62162357716898
3 17 -71.20810047390356
3 18 -64.76455892705097
3 19 -67.09050311641073
3 20 -70.10439112355103
3 21 -70.846995249761
3 22 -71.63695851429927
3 23 -70.78836707266521
3 24 -71.1268393988819
3 25 -70.60222735140565
3 26 -68.91109838540422
3 27 -67.54831055154308
3 28 -70.05950460926296
3 29 -68.67296062053731
3 30 -71.20694804146002
3 31 -72.95323329947418
3 32 -66.68475207589552
3 33 -67.28250711415511
3 34 -70.15886908507484
3 35 -71.86597164000881
3 36 -69.43035672773138
3 37 -70.9531065610809
3 38 -76.49249921109434
3 39 -68.61202028467824
3 40 -74.85479059456411
3 41 -66.95701059374252
3 42 -69.12623126465778
3 43 -67.18813894355729
3 44 -70.33942899102234
3 45 -70.0997303366433
3 46 -70.02524527263459
3 47 -73.84976738953453
3 48 -69.9190829041811
3 49 -67.61138799313605
3 50 -68.12783089924041
3 51 -72.04591886035342
3 52 -72.43921925415272
3 53 -70.18330357042827
3 54 -68.16648114935617
3 55 -71.14785305628585
3 56 -67.76140114545366
3 57 -71.89544619383365
3 58 -65.91197318374313
3 59 -71.53612796936618
3 60 -71.29245415244458
3 61 -69.85570641366292
3 62 -66.20253933091465
3 63 -68.0298887292924
3 64 -68.28131593664106
3 65 -69.09922204099695
3 66 -69.86919279080276
3 67 -73.64806253641103
3 68 -72.87918586803896
3 69 -67.7428163488326
3 70 -67.09077298983105
3 71 -69.48513373818041
3 72 -69.75869056599545
3 73 -67.34577419652993
3 74 -69.97105177228354
3 75 -66.80370060937126
3 76 -68.62613393517343
3 77 -71.41704085224217
3 78 -73.33348494870712
3 79 -74.15419919540959
3 80 -70.35081473180942
3 81 -67.58552390804255
3 82 -71.71951060541272
3 83 -70.35349158438396
3 84 -72.48225312387966
3 85 -70.81186794186185
3 86 -72.1321033018269
3 87 -70.95398912010411
3 88 -68.78145702938276
3 89 -67.43386963357433
3 90 -67.83761485812768
3 91 -76.05527509466867
3 92 -72.77911388623326
3 93 -68.83872854550071
3 94 -64.6557342937754
3 95 -70.58432817914974
3 96 -68.42936703625418
3 97 -71.07399526563246
3 98 -68.60832228943221
3 99 -66.91744860909864
3 100 -67.74965071085533
4 1 -71.32995197011681
4 2 -73.9320569011039
4 3 -71.46313085610734
4 4 -71.4541593883507
4 5 -70.10290317280115
4 6 -70.77404919363572
4 7 -71.97584659146077
4 8 -68.31915656649588
4 9 -73.02448717631528
4 10 -68.94847950105685
4 11 -70.21368985878122
4 12 -68.93562769114857
4 13 -73.82112433759933
4 14 -68.05034805210325
4 15 -71.23767714199555
4 16 -72.19687292270405
4 17 -72.33493870576527
4 18 -69.5188679157206
4 19 -71.59992750470542
4 20 -70.90821275291661
4 21 -74.03858396336864
4 22 -70.96573955470244
4 23 -68.88212710903889
4 24 -71.28389114175654
4 25 -71.3324391819095
4 26 -66.43077201186813
4 27 -73.82458892880616
4 28 -71.00511919244069
4 29 -67.92114432865529
4 30 -70.68361242232314
4 31 -72.72111298249283
4 32 -73.46573751241709
4 33 -66.44217963428387
4 34 -68.37963738815279
4 35 -75.19362032071582
4 36 -78.51762206331037
4 37 -70.96247189815368
4 38 -66.52909346337984
4 39 -72.53739482813994
4 40 -68.10899081695148
4 41 -70.00224768089747
4 42 -66.46020280243562
4 43 -68.4958580119204
4 44 -73.60672813984449
4 45 -71.49632528680688
4 46 -70.68104497789197
4 47 -67.04078805606179
4 48 -68.92161615492053
4 49 -70.38253579951153
4 50 -73.11040903824465
4 51 -69.88360549022316
4 52 -70.41677325451123
4 53 -72.91259182114902
4 54 -70.04852003166826
4 55 -72.30571214373207
4 56 -71.69230444709383
4 57 -66.56772183186693
4 58 -70.0980308634829
4 59 -72.23169388780174
4 60 -72.01535751897107
4 61 -70.50659734022092
4 62 -69.90109620541048
4 63 -72.19818582042453
4 64 -73.1622903798324
4 65 -68.1552412860936
4 66 -71.38018489567773
4 67 -69.34763687746474
4 68 -73.92382940872221
4 69 -71.40711388670007
4 70 -72.80076940474501
4 71 -71.96962491504092
4 72 -70.62536352679105
4 73 -65.91852308459309
4 74 -69.67415454054881
4 75 -71.36983488531459
4 76 -71.03551277466987
4 77 -70.32603743427342
4 78 -71.04198973675759
4 79 -68.13455585311976
4 80 -71.99125125804777
4 81 -69.01149859164002
4 82 -72.33977454570237
4 83 -68.38837545187022
4 84 -69.39599527683586
4 85 -68.98645871455993
4 86 -69.58645297282057
4 87 -70.21934261285551
4 88 -72.0782453197822
4 89 -68.7063155165138
4 90 -65.88342495219885
4 91 -70.23512656100621
4 92 -69.49786155219287
4 93 -68.94564947708159
4 94 -69.20052668788465
4 95 -69.57297388955693
4 96 -71.462211827703
4 97 -68.4320074194476
4 98 -64.98756919262742
4 99 -73.56863951819804
4 100 -71.41545078722514
5 1 -67.18333227912508
5 2 -71.12065419184317
5 3 -70.23036365983135
5 4 -73.72498375507887
5 5 -71.28030984853011
5 6 -68.66871558457441
5 7 -69.00508727443834
5 8 -75.96045470374492
5 9 -70.49394246497071
5 10 -71.4845602644561
5 11 -72.10705613087057
5 12 -72.38448600696104
5 13 -69.9153046762966
5 14 -68.46790787822657
5 15 -66.80401424604894
5 16 -74.2058325452057
5 17 -68.80344806620086
5 18 -68.15653230218541
5 19 -66.82294914872878
5 20 -69.00203843417633
5 21 -70.40610960747041
5 22 -71.66390938695028
5 23 -71.15567938547517
5 24 -70.59880652345616
5 25 -70.08268454790571
5 26 -69.63556264144285
5 27 -67.42338833343914
5 28 -70.04755724000657
5 29 -72.57790501669305
5 30 -70.69500545698644
5 31 -74.90930502546904
5 32 -70.78280913898183
5 33 -68.98392044563366
5 34 -69.53099033800639
5 35 -72.24708396663628
5 36 -66.35866475150873
5 37 -69.59396566533222
5 38 -73.54125101297353
5 39 -67.7369885417289
5 40 -69.7591427863214
5 41 -69.21596782385276
5 42 -68.55825712302446
5 43 -69.67950824569789
5 44 -69.05119915993218
5 45 -70.52085686824061
5 46 -71.99487631453154
5 47 -71.78955369880049
5 48 -70.92988285918081
5 49 -73.26841627890475
5 50 -70.62153424177298
5 51 -74.91830566873058
5 52 -69.47270497309317
5 53 -66.15439245395405
5 54 -72.19029384634918
5 55 -70.95883225391745
5 56 -69.08655987187052
5 57 -72.01952961617172
5 58 -69.51184391291602
5 59 -70.12563089111795
5 60 -68.83487008497774
5 61 -68.34117677881886
5 62 -73.52104697583054
5 63 -72.04009834712595
5 64 -69.08303692965389
5 65 -71.71929178912598
5 66 -71.52709085672353
5 67 -68.46067235301147
5 68 -68.47261972226786
5 69 -76.158286508593
5 70 -72.18243104777873
5 71 -70.28109256897555
5 72 -72.07389816955217
5 73 -64.46755228717285
5 74 -68.7564244461789
5 75 -67.67807590346035
5 76 -69.64938453688904
5 77 -72.30143793226428
5 78 -68.29206711019658
5 79 -70.32225920638892
5 80 -69.81841282452497
5 81 -65.2806444332203
5 82 -72.7799745636278
5 83 -68.41024249279248
5 84 -75.56505367359284
5 85 -71.18601461669455
5 86 -70.57747193549832
5 87 -70.93033507950675
5 88 -72.68864064553955
5 89 -70.07994205044514
5 90 -67.55866056190622
5 91 -70.32435984274169
5 92 -64.14279974213521
5 93 -71.4052758298914
5 94 -71.49046101032205
5 95 -72.67298798716091
5 96 -64.21611778594796
5 97 -68.86189389639101
5 98 -71.97732724833442
5 99 -67.19290913860839
5 100 -70.61422577779561
