# Nonbonded Force Energies (El + C12 + C6 from OpenMM)
# Format: REPLICA FRAME E_nonbonded
#
1 1 -267.02231522044076
1 2 -275.91252372552054
1 3 -272.43029957291725
1 4 -269.7653177819334
1 5 -269.20743836499537
1 6 -270.91165801535146
1 7 -272.38117166960444
1 8 -275.61645434873736
1 9 -275.71305444546
1 10 -267.1588292313351
1 11 -268.33582015611927
1 12 -269.3782445349611
1 13 -273.66458754238613
1 14 -272.12043382925464
1 15 -276.4668510247371
1 16 -275.5995106742669
1 17 -274.4218377720557
1 18 -270.64963280584794
1 19 -273.1799076437722
1 20 -274.10813362602977
1 21 -275.41932822641405
1 22 -268.2059016328013
1 23 -276.5040698516437
1 24 -272.0111806807509
1 25 -275.4963406185347
1 26 -267.6146964953917
1 27 -270.03243047010375
1 28 -277.13871731584885
1 29 -268.6864805495078
1 30 -279.7418415660384
1 31 -272.5173118693423
1 32 -273.8812886050281
1 33 -272.34546814548355
1 34 -269.9167058299194
1 35 -269.84175031089416
1 36 -273.04931626037245
1 37 -276.1938959417106
1 38 -271.4877265361253
1 39 -273.1095655014592
1 40 -272.3359879298602
1 41 -274.473314303513
1 42 -271.7855263850429
1 43 -275.99795872121194
1 44 -279.09517014687646
1 45 -268.89974254950965
1 46 -270.15325900017643
1 47 -273.92418753804486
1 48 -272.83778108556686
1 49 -269.2556381225586
1 50 -276.02566633352126
1 51 -271.7816752183961
1 52 -270.2403022955754
1 53 -278.10165485506076
1 54 -274.4897711117454
1 55 -275.9342631236089
1 56 -275.30653390100304
1 57 -271.45156714474035
1 58 -271.825420241055
1 59 -273.9447927383802
1 60 -268.80286346202143
1 61 -275.9380632331221
1 62 -274.3233722664886
1 63 -269.29304294330893
1 64 -277.0475365691613
1 65 -270.0291445788644
1 66 -272.55090928670325
1 67 -274.48378466283384
1 68 -269.5968748278645
1 69 -276.32700371240793
1 70 -272.71071082091464
1 71 -273.5595484308713
1 72 -270.57533555915205
1 73 -270.41665545841016
1 74 -276.818076693533
1 75 -272.74460364026277
1 76 -270.9600692953252
1 77 -274.5135327370171
1 78 -272.73082915501203
1 79 -270.4739105633066
1 80 -270.20235043410815
1 81 -275.96996300079167
1 82 -274.32316986142337
1 83 -270.4667625646062
1 84 -274.2842315031967
1 85 -273.15697387345205
1 86 -272.2461456094599
1 87 -273.82543027742867
1 88 -271.2966233320947
1 89 -267.8746976542427
1 90 -270.156554008761
1 91 -276.4123621223989
1 92 -272.7790599115492
1 93 -271.43567925885344
1 94 -271.6440616556609
1 95 -273.45884552877214
1 96 -273.1369922995339
1 97 -269.52292404028924
1 98 -273.9666342507357
1 99 -274.00884755938733
1 100 -272.6590191201088
2 1 -273.27977722051264
2 2 -276.4936924892447
2 3 -273.56725805804103
2 4 -272.2690538512133
2 5 -272.1897147125769
2 6 -267.0430517105482
2 7 -272.41384094121577
2 8 -272.6613586309079
2 9 -276.4610286880405
2 10 -268.5045202193251
2 11 -265.3112612080619
2 12 -270.5722885423591
2 13 -271.6494974169175
2 14 -270.2920614647364
2 15 -272.1044821219508
2 16 -271.46358927622805
2 17 -271.2170434955429
2 18 -273.2240811816593
2 19 -274.7576988905839
2 20 -275.1395478987101
2 21 -271.7219128435474
2 22 -272.3889961753247
2 23 -267.3258152336281
2 24 -273.42568392051567
2 25 -269.58407225162074
2 26 -271.6001142279368
2 27 -274.84552080726985
2 28 -277.9078000362243
2 29 -270.28641235760017
2 30 -271.77206918340795
2 31 -273.6456489927682
2 32 -270.7100972162834
2 33 -269.94702464991724
2 34 -272.4291653751643
2 35 -268.66743623868456
2 36 -269.0079034400488
2 37 -273.0203577482905
2 38 -279.10186045484375
2 39 -276.67609227546995
2 40 -274.65001210199944
2 41 -270.7523779932901
2 42 -265.4077810721461
2 43 -273.82713886793437
2 44 -270.06589112728545
2 45 -267.16994692217094
2 46 -273.4908692923376
2 47 -271.365256883902
2 48 -274.2519524539634
2 49 -268.8276498769027
2 50 -276.5853655725774
2 51 -273.0455763253381
2 52 -271.9311850932542
2 53 -273.23269707295
2 54 -269.47685227111464
2 55 -275.33239798609657
2 56 -270.8974495444653
2 57 -275.5154688089345
2 58 -273.8248267091711
2 59 -271.8735452363869
2 60 -274.16883144050433
2 61 -268.2810066762891
2 62 -274.04954738872226
2 63 -270.8698495168303
2 64 -270.193136444967
2 65 -270.1721993732635
2 66 -271.8390707304099
2 67 -272.48592814341555
2 68 -275.93909896354603
2 69 -272.435901269858
2 70 -272.1180997888627
2 71 -275.54212245612933
2 72 -272.5470125333301
2 73 -271.7927254408769
2 74 -270.2197700340023
2 75 -273.91347283387046
2 76 -268.19738967924684
2 77 -274.09828689312616
2 78 -269.70444309096035
2 79 -267.43143967871
2 80 -277.7248386215297
2 81 -273.58728521868557
2 82 -272.10232313458823
2 83 -272.6549436667681
2 84 -268.3448335636642
2 85 -271.65273589796135
2 86 -274.2255923852866
2 87 -275.9350545091793
2 88 -272.865255293837
2 89 -277.3292151281528
2 90 -270.5130531500676
2 91 -272.1223831176758
2 92 -275.07984387487113
2 93 -271.3877530216487
2 94 -275.41120102483046
2 95 -273.5601574695361
2 96 -270.11085969768106
2 97 -269.1612170713581
2 98 -273.83101738661696
2 99 -275.28975616221675
2 100 -269.7325445725858
3 1 -272.5340731969071
3 2 -268.97108030592733
3 3 -272.11698564926934
3 4 -273.65682321114474
3 5 -277.21265898607885
3 6 -277.072074992251
3 7 -276.2224587610073
3 8 -273.025042240296
3 9 -271.26696643136427
3 10 -277.05290121512473
3 11 -269.6149782286547
3 12 -273.7626245327251
3 13 -270.89323733094545
3 14 -276.19850931842285
3 15 -270.09181356338877
3 16 -275.71169413754404
3 17 -274.4358474848147
3 18 -274.12780521020835
3 19 -272.8592743153326
3 20 -273.9070141064733
3 21 -273.1445779308078
3 22 -268.4093132529614
3 23 -273.73613682121436
3 24 -273.1443627614592
3 25 -272.7805259806704
3 26 -274.04401133666755
3 27 -275.41531477102126
3 28 -273.68909861343997
3 29 -274.21449292914133
3 30 -272.2614025750534
3 31 -269.00680935861504
3 32 -272.6523397529558
3 33 -271.68732345901986
3 34 -276.2815008655789
3 35 -272.1578568846956
3 36 -271.8759704502317
3 37 -271.37971881698695
3 38 -265.964942042276
3 39 -274.098930577703
3 40 -264.46941295499784
3 41 -273.765573082189
3 42 -276.3005980570047
3 43 -270.3638970282064
3 44 -271.6265071190566
3 45 -274.20828948741206
3 46 -270.033573785202
3 47 -267.7829534556168
3 48 -273.1883138361214
3 49 -273.14187372619745
3 50 -273.00435133691497
3 51 -273.1956095358154
3 52 -268.0904778650112
3 53 -270.42743398400154
3 54 -275.51959167247065
3 55 -270.9982235618577
3 56 -276.1070441105625
3 57 -269.5221144200283
3 58 -275.6801007126759
3 59 -272.42316069156215
3 60 -272.47677979916045
3 61 -272.4183430863156
3 62 -278.78167569979195
3 63 -275.64060254944894
3 64 -272.82740372316783
3 65 -277.1353931317594
3 66 -272.7471346153128
3 67 -264.27961170787336
3 68 -271.2745684738597
3 69 -271.7572954371144
3 70 -274.4171988667767
3 71 -275.34042854382017
3 72 -270.13606368697623
3 73 -274.3374458006645
3 74 -273.2562344115277
3 75 -272.1888868576254
3 76 -275.5939746222122
3 77 -273.3008018187309
3 78 -269.6439622693034
3 79 -268.77716713608106
3 80 -274.0747568484246
3 81 -271.3674432233004
3 82 -274.0111232487695
3 83 -271.8261842745896
3 84 -272.76412387650964
3 85 -272.35765074224815
3 86 -269.29634706923883
3 87 -270.5104528831934
3 88 -274.1038794727216
3 89 -276.72373222803293
3 90 -272.54840566368904
3 91 -262.3810211969379
3 92 -268.45876208682813
3 93 -271.8154276306269
3 94 -273.960418044723
3 95 -269.3870719486623
3 96 -275.4342314390106
3 97 -271.31947504630733
3 98 -271.17576015610996
3 99 -276.15743567793135
3 100 -273.6892226093358
4 1 -273.98608154822034
4 2 -269.65627068543296
4 3 -270.19882931536057
4 4 -274.6068068261812
4 5 -272.62812773082726
4 6 -274.0763067971224
4 7 -267.2378364986033
4 8 -272.96427513399726
4 9 -267.2519410317532
4 10 -275.11486906850314
4 11 -272.25071886985296
4 12 -277.1551613597979
4 13 -270.22207854582746
4 14 -271.6874492783847
4 15 -272.1288619032325
4 16 -271.7361650776908
4 17 -271.8353909698545
4 18 -274.79109390287965
4 19 -266.62238469315304
4 20 -273.2616081748364
4 21 -266.74473764335676
4 22 -273.29353164760374
4 23 -270.3276154643947
4 24 -273.6138713975253
4 25 -273.4552660590148
4 26 -275.60654926482397
4 27 -267.84521215960353
4 28 -273.8173869554217
4 29 -273.9490067753691
4 30 -275.473421435967
4 31 -269.14981127241145
4 32 -265.10196160631926
4 33 -269.5031138724624
4 34 -271.78409860877184
4 35 -266.35704988731254
4 36 -266.1658044526955
4 37 -269.8940984605603
4 38 -275.63736406840513
4 39 -265.98173072187666
4 40 -274.199467544118
4 41 -270.9106587543086
4 42 -273.09484281229925
4 43 -273.7179513643166
4 44 -267.01953260666096
4 45 -272.92586558179687
4 46 -269.2857344793316
4 47 -270.97573289451816
4 48 -271.37287716108796
4 49 -274.2563470143889
4 50 -270.7471555779131
4 51 -270.20424137151946
4 52 -273.10247950070675
4 53 -270.8816491850931
4 54 -271.96448346168995
4 55 -272.05360004140584
4 56 -269.19191334945066
4 57 -274.0749227841087
4 58 -271.52679983106214
4 59 -268.6923758249666
4 60 -270.20377091650295
4 61 -271.948464286031
4 62 -272.7672657136935
4 63 -273.37014652347017
4 64 -273.06040659917244
4 65 -275.4064982981344
4 66 -269.7853868823662
4 67 -273.9012446503794
4 68 -271.7448830832487
4 69 -269.2849285060087
4 70 -268.0741031128863
4 71 -275.2672199081508
4 72 -270.67826856390695
4 73 -275.7972294240335
4 74 -273.0711942421091
4 75 -269.9496230933224
4 76 -269.68479703534854
4 77 -269.45946184672545
4 78 -274.1717562848705
4 79 -274.8062250491082
4 80 -268.6308793310453
4 81 -273.02160317765595
4 82 -268.62930385378075
4 83 -277.42728129399666
4 84 -273.97492374106525
4 85 -269.89802621290744
4 86 -272.29290847340684
4 87 -270.01530444872765
4 88 -270.1750731604961
4 89 -275.2180956517761
4 90 -277.836994732771
4 91 -274.4881974579499
4 92 -273.1924002302764
4 93 -272.5421675760477
4 94 -276.449238137123
4 95 -274.54111088302346
4 96 -274.29757200281205
4 97 -273.36591060485256
4 98 -273.9380641375627
4 99 -266.0700121527648
4 100 -269.63773512247644
5 1 -273.5374352216265
5 2 -271.9345639814154
5 3 -274.3073713255202
5 4 -271.0259694670172
5 5 -270.64747928889255
5 6 -270.997100304919
5 7 -274.50628262404956
5 8 -266.1587366866336
5 9 -274.0979167289077
5 10 -272.6743964346599
5 11 -272.5863192323061
5 12 -270.019726361189
5 13 -271.67028861109657
5 14 -274.21082410940016
5 15 -277.74271408868793
5 16 -265.54592708784577
5 17 -272.9280446273191
5 18 -273.39669440945977
5 19 -271.5996547137346
5 20 -275.35189451724574
5 21 -274.0495346244389
5 22 -271.291508501392
5 23 -273.00909417993023
5 24 -273.7964881765683
5 25 -271.3701948381063
5 26 -274.44866829574903
5 27 -273.13494636725284
5 28 -272.40800584023583
5 29 -273.52330151297167
5 30 -271.83454123327425
5 31 -269.67873582420566
5 32 -272.59461783998097
5 33 -272.5646327148204
5 34 -272.3256488603114
5 35 -272.04184960680755
5 36 -276.6609738935248
5 37 -269.5378947212409
5 38 -271.27249883648085
5 39 -273.73243882596836
5 40 -272.4799690465398
5 41 -271.02617187208244
5 42 -273.63053061082303
5 43 -274.66931899236675
5 44 -271.7926816776195
5 45 -270.81008349504344
5 46 -270.30575389387957
5 47 -270.3728064980151
5 48 -274.491118655378
5 49 -269.4595274916114
5 50 -268.26577159232437
5 51 -270.0739563309212
5 52 -276.4807640936361
5 53 -274.6223774284523
5 54 -268.72702538397294
5 55 -271.89180545551596
5 56 -276.25652480991573
5 57 -270.4973129651742
5 58 -274.51284711265197
5 59 -273.36262836055135
5 60 -276.83436391914324
5 61 -273.7679928256266
5 62 -265.7869678154502
5 63 -270.6991254029721
5 64 -272.0099170166949
5 65 -270.16167978027806
5 66 -273.63641129852937
5 67 -274.05014913351084
5 68 -272.1505429503111
5 69 -269.69769807892135
5 70 -272.73849501892437
5 71 -272.4645990258649
5 72 -268.87455314796694
5 73 -275.7396132722639
5 74 -275.4755403070103
5 75 -273.22799799319205
5 76 -273.1442497063777
5 77 -268.11035185425504
5 78 -270.28554256286037
5 79 -274.0480102043079
5 80 -274.4313945733794
5 81 -276.37466372313054
5 82 -271.24803517562253
5 83 -274.821558600402
5 84 -268.6187787903882
5 85 -265.98566759156904
5 86 -272.2719075802863
5 87 -271.1582585001083
5 88 -271.12171070981435
5 89 -269.88104059864867
5 90 -275.74828569109536
5 91 -270.67299326792727
5 92 -273.50839100649887
5 93 -270.71275583416735
5 94 -272.1593685405432
5 95 -271.08417459929194
5 96 -270.82065232169333
5 97 -273.4129269309983
5 98 -269.67770738765796
5 99 -270.9866919435461
5 100 -272.7291041532848
