# Total QM Interaction Energies (from SAPT)
# Format: REPLICA FRAME E_total_QM
# Generated: Mon Mar  9 20:21:23 PDT 2026
#
1 1 -345.35
1 2 -349.86
1 3 -350.97
1 4 -348.27
1 5 -347.86
1 6 -346.17
1 7 -347.89
1 8 -349.95
1 9 -347.59
1 10 -348.07
1 11 -344.55
1 12 -346.29
1 13 -349.39
1 14 -347.64
1 15 -351.66
1 16 -352.15
1 17 -347.79
1 18 -348.23
1 19 -348.40
1 20 -350.45
1 21 -345.40
1 22 -344.97
1 23 -352.65
1 24 -347.02
1 25 -345.78
1 26 -342.49
1 27 -349.83
1 28 -350.19
1 29 -349.36
1 30 -349.39
1 31 -347.90
1 32 -346.47
1 33 -347.80
1 34 -349.13
1 35 -347.46
1 36 -348.78
1 37 -348.12
1 38 -350.09
1 39 -349.99
1 40 -352.88
1 41 -350.32
1 42 -349.18
1 43 -350.93
1 44 -351.28
1 45 -352.08
1 46 -347.29
1 47 -347.61
1 48 -348.41
1 49 -347.26
1 50 -349.62
1 51 -347.68
1 52 -343.95
1 53 -351.77
1 54 -347.97
1 55 -353.01
1 56 -347.91
1 57 -346.48
1 58 -347.79
1 59 -349.51
1 60 -347.50
1 61 -349.00
1 62 -348.71
1 63 -350.41
1 64 -349.98
1 65 -348.19
1 66 -348.36
1 67 -345.79
1 68 -349.36
1 69 -348.18
1 70 -351.33
1 71 -346.61
1 72 -347.85
1 73 -345.23
1 74 -351.61
1 75 -348.08
1 76 -347.76
1 77 -352.11
1 78 -348.92
1 79 -348.76
1 80 -349.90
1 81 -349.45
1 82 -348.94
1 83 -348.57
1 84 -351.24
1 85 -346.34
1 86 -345.93
1 87 -350.17
1 88 -347.76
1 89 -344.95
1 90 -349.37
1 91 -350.99
1 92 -350.06
1 93 -349.88
1 94 -348.86
1 95 -349.74
1 96 -351.65
1 97 -346.51
1 98 -348.46
1 99 -344.85
1 100 -348.77
2 1 -347.78
2 2 -350.41
2 3 -348.24
2 4 -348.40
2 5 -351.47
2 6 -345.50
2 7 -349.50
2 8 -351.18
2 9 -348.44
2 10 -346.81
2 11 -347.55
2 12 -344.62
2 13 -346.04
2 14 -348.42
2 15 -344.00
2 16 -347.95
2 17 -347.20
2 18 -349.54
2 19 -348.66
2 20 -350.02
2 21 -349.73
2 22 -347.92
2 23 -347.91
2 24 -347.50
2 25 -345.86
2 26 -347.98
2 27 -349.04
2 28 -351.79
2 29 -347.03
2 30 -349.01
2 31 -347.53
2 32 -351.01
2 33 -348.88
2 34 -349.45
2 35 -345.00
2 36 -343.72
2 37 -347.63
2 38 -351.42
2 39 -351.11
2 40 -348.69
2 41 -345.79
2 42 -346.41
2 43 -348.55
2 44 -345.08
2 45 -345.25
2 46 -348.95
2 47 -346.82
2 48 -349.29
2 49 -348.36
2 50 -353.67
2 51 -349.87
2 52 -350.32
2 53 -349.19
2 54 -345.53
2 55 -349.68
2 56 -349.40
2 57 -350.78
2 58 -349.62
2 59 -349.63
2 60 -350.72
2 61 -346.46
2 62 -350.37
2 63 -343.94
2 64 -345.74
2 65 -348.71
2 66 -346.71
2 67 -349.86
2 68 -347.49
2 69 -346.44
2 70 -348.00
2 71 -349.26
2 72 -347.03
2 73 -349.78
2 74 -343.72
2 75 -348.81
2 76 -347.35
2 77 -349.20
2 78 -346.85
2 79 -345.46
2 80 -352.36
2 81 -348.02
2 82 -346.81
2 83 -351.53
2 84 -346.15
2 85 -347.24
2 86 -349.82
2 87 -349.53
2 88 -346.87
2 89 -349.29
2 90 -348.40
2 91 -347.80
2 92 -345.70
2 93 -348.78
2 94 -350.93
2 95 -350.33
2 96 -348.62
2 97 -347.52
2 98 -348.57
2 99 -351.15
2 100 -347.56
3 1 -350.35
3 2 -348.56
3 3 -347.02
3 4 -347.62
3 5 -352.30
3 6 -351.51
3 7 -350.02
3 8 -353.16
3 9 -350.14
3 10 -351.91
3 11 -349.33
3 12 -349.83
3 13 -344.65
3 14 -349.00
3 15 -348.60
3 16 -349.19
3 17 -349.87
3 18 -348.71
3 19 -345.52
3 20 -348.71
3 21 -348.57
3 22 -343.58
3 23 -350.45
3 24 -351.98
3 25 -347.63
3 26 -348.31
3 27 -347.82
3 28 -348.41
3 29 -347.76
3 30 -348.75
3 31 -347.85
3 32 -347.50
3 33 -346.46
3 34 -350.57
3 35 -348.77
3 36 -346.89
3 37 -347.47
3 38 -346.84
3 39 -347.45
3 40 -346.41
3 41 -350.52
3 42 -351.50
3 43 -344.32
3 44 -348.25
3 45 -351.50
3 46 -345.36
3 47 -349.47
3 48 -348.54
3 49 -347.57
3 50 -349.42
3 51 -348.76
3 52 -344.19
3 53 -347.49
3 54 -350.29
3 55 -346.40
3 56 -350.25
3 57 -345.47
3 58 -349.17
3 59 -351.52
3 60 -348.27
3 61 -347.81
3 62 -351.10
3 63 -350.11
3 64 -346.08
3 65 -350.85
3 66 -352.49
3 67 -345.15
3 68 -347.95
3 69 -344.68
3 70 -347.67
3 71 -349.43
3 72 -348.10
3 73 -346.21
3 74 -349.69
3 75 -348.44
3 76 -350.01
3 77 -348.98
3 78 -347.40
3 79 -347.91
3 80 -349.54
3 81 -348.12
3 82 -351.19
3 83 -344.42
3 84 -350.00
3 85 -348.60
3 86 -349.28
3 87 -346.43
3 88 -348.83
3 89 -351.94
3 90 -346.60
3 91 -344.64
3 92 -348.50
3 93 -345.72
3 94 -346.83
3 95 -346.89
3 96 -350.74
3 97 -349.52
3 98 -345.72
3 99 -350.06
3 100 -347.11
4 1 -350.39
4 2 -348.49
4 3 -346.10
4 4 -350.71
4 5 -348.19
4 6 -348.69
4 7 -342.52
4 8 -349.42
4 9 -345.87
4 10 -348.13
4 11 -346.34
4 12 -351.23
4 13 -349.90
4 14 -348.09
4 15 -348.81
4 16 -346.97
4 17 -348.87
4 18 -350.61
4 19 -343.30
4 20 -350.63
4 21 -346.75
4 22 -352.36
4 23 -347.53
4 24 -348.46
4 25 -347.23
4 26 -349.80
4 27 -349.66
4 28 -349.16
4 29 -346.58
4 30 -350.61
4 31 -346.04
4 32 -346.15
4 33 -345.35
4 34 -346.98
4 35 -348.10
4 36 -352.59
4 37 -345.24
4 38 -348.33
4 39 -346.89
4 40 -346.86
4 41 -347.00
4 42 -345.21
4 43 -346.89
4 44 -343.91
4 45 -348.03
4 46 -346.54
4 47 -344.06
4 48 -346.14
4 49 -350.49
4 50 -348.80
4 51 -347.04
4 52 -350.79
4 53 -348.22
4 54 -348.45
4 55 -350.12
4 56 -349.48
4 57 -346.63
4 58 -348.01
4 59 -346.59
4 60 -350.28
4 61 -349.18
4 62 -348.71
4 63 -350.56
4 64 -351.17
4 65 -349.56
4 66 -348.64
4 67 -347.89
4 68 -349.01
4 69 -348.76
4 70 -346.08
4 71 -350.99
4 72 -345.87
4 73 -347.89
4 74 -351.68
4 75 -349.65
4 76 -349.45
4 77 -345.62
4 78 -350.15
4 79 -349.34
4 80 -345.44
4 81 -346.74
4 82 -345.46
4 83 -350.69
4 84 -348.32
4 85 -342.39
4 86 -349.19
4 87 -347.71
4 88 -347.71
4 89 -347.92
4 90 -349.80
4 91 -347.67
4 92 -346.62
4 93 -346.08
4 94 -351.16
4 95 -349.53
4 96 -349.91
4 97 -349.48
4 98 -345.81
4 99 -350.31
4 100 -345.41
5 1 -347.57
5 2 -349.51
5 3 -352.95
5 4 -348.03
5 5 -347.57
5 6 -345.31
5 7 -347.48
5 8 -344.49
5 9 -351.32
5 10 -347.42
5 11 -350.36
5 12 -347.33
5 13 -344.82
5 14 -348.22
5 15 -351.50
5 16 -346.94
5 17 -347.39
5 18 -346.54
5 19 -345.02
5 20 -349.25
5 21 -349.65
5 22 -349.57
5 23 -347.92
5 24 -350.61
5 25 -345.05
5 26 -349.68
5 27 -348.27
5 28 -346.74
5 29 -350.69
5 30 -348.40
5 31 -346.71
5 32 -346.80
5 33 -348.02
5 34 -347.84
5 35 -348.09
5 36 -349.69
5 37 -347.79
5 38 -348.25
5 39 -349.95
5 40 -347.48
5 41 -348.88
5 42 -349.24
5 43 -348.96
5 44 -346.72
5 45 -345.77
5 46 -348.26
5 47 -348.72
5 48 -349.32
5 49 -344.91
5 50 -345.15
5 51 -350.02
5 52 -351.82
5 53 -346.93
5 54 -345.47
5 55 -347.29
5 56 -350.53
5 57 -351.24
5 58 -352.09
5 59 -348.95
5 60 -351.81
5 61 -350.73
5 62 -346.30
5 63 -347.11
5 64 -348.02
5 65 -347.50
5 66 -350.30
5 67 -349.31
5 68 -347.13
5 69 -351.27
5 70 -351.05
5 71 -346.96
5 72 -347.00
5 73 -347.04
5 74 -349.25
5 75 -347.65
5 76 -347.74
5 77 -345.07
5 78 -346.52
5 79 -351.26
5 80 -353.58
5 81 -350.25
5 82 -351.38
5 83 -349.39
5 84 -348.60
5 85 -344.68
5 86 -348.25
5 87 -347.11
5 88 -346.56
5 89 -346.15
5 90 -346.95
5 91 -346.10
5 92 -349.40
5 93 -348.02
5 94 -350.74
5 95 -349.31
5 96 -344.38
5 97 -350.01
5 98 -345.85
5 99 -345.82
5 100 -351.37
